42
49
50
59
97
46
53
49
48
47
100
47
46
154
61
47
46
96
102
52
46
48
47
99
168
98
46
53
48
48
50
57
52
47
57
143
49
47
54
45
48
48
49
97
47
192
48
104
97
49
45
87
39
46
140
54
47
43
90
100
92
46
40
41
54
48
43
41
44
135
40
40
47
41
131
37
83
134
42
43
41
40
39
90
42
43
41
39
89
83
45
40
44
46
82
41
94
48
47
80
90
47
42
80
48
44
41
47
36
39
43
52
98
43
42
49
42
124
40
45
37
43
40
50
79
42
51
41
52
78
42
73
38
45
34
40
38
91
57
45
43
79
36
128
37
35
132
39
42
42
40
41
50
84
45
119
39
38
79
173
38
79
46
48
42
37
38
40
50
43
49
38
43
43
46
38
48
43
44
40
36
43
87
79
42
42
88
38
77
120
38
40
77
37
44
40
67
70
74
35
36
39
78
52
37
145
34
78
40
35
40
36
119
34
37
38
45
40
42
39
82
41
41
34
36
80
40
80
37
81
124
84
33
41
42
48
39
83
34
41
44
202
33
138
33
70
41
41
71
40
36
44
39
40
36
43
37
85
79
43
73
49
80
34
34
42
37
35
36
83
34
46
54
43
38
35
43
41
51
35
40
35
78
38
49
40
40
67
35
50
86
41
83
50
40
41
44
42
82
48
50
84
41
42
48
46
45
42
40
78
38
35
42
40
40
41
46
35
38
40
42
42
43
34
90
40
40
42
92
43
40
42
45
51
41
36
40
39
37
129
41
43
179
41
42
84
96
36
43
35
41
44
43
43
100
41
40
48
137
42
91
41
122
40
43
47
41
82
41
104
84
46
45
43
48
42
80
41
43
41
53
42
120
42
48
44
49
40
42
43
43
40
41
79
42
37
48
39
41
41
43
92
45
41
46
38
42
41
48
43
41
74
41
84
37
40
42
42
95
38
83
44
95
78
42
82
51
44
43
42
40
42
36
33
35
50
69
42
43
79
88
82
42
33
117
49
48
83
39
133
42
39
39
79
94
38
40
79
36
50
84
83
44
51
40
43
83
42
45
42
40
125
92
85
41
41
42
49
91
46
43
43
50
51
44
44
83
87
42
42
43
39
48
55
45
43
86
42
42
80
80
41
41
43
84
81
128
40
43
34
84
46
55
80
44
85
88
43
42
88
49
43
46
57
51
55
47
45
42
44
41
43
49
45
49
41
36
47
39
46
84
82
41
97
44
97
96
44
100
45
52
40
95
303
40
42
41
46
56
37
41
40
127
42
42
34
39
43
49
39
132
41
43
47
36
41
42
42
40
132
44
111
38
47
39
33
35
37
40
39
43
40
35
79
107
36
34
87
70
37
38
33
41
45
41
39
34
130
33
41
35
39
84
40
41
122
49
34
77
37
77
124
35
77
48
36
34
35
37
167
40
38
76
92
87
138
44
36
45
44
41
87
41
85
171
41
43
83
132
44
86
42
183
78
43
42
78
35
42
47
40
80
79
41
49
40
42
75
42
44
77
79
42
45
43
90
36
130
46
75
69
167
78
43
39
40
41
81
39
40
41
41
47
49
48
49
42
69
130
40
56
44
58
45
96
50
43
50
42
57
44
53
161
83
43
35
41
36
41
41
49
42
41
43
42
84
40
42
41
41
134
127
41
40
46
41
41
38
40
40
88
41
39
41
41
89
44
127
41
48
40
40
41
79
43
87
39
41
45
36
51
45
47
44
42
40
45
82
41
43
44
40
44
40
43
42
43
42
46
39
41
43
44
51
44
177
41
94
41
48
88
41
48
91
83
40
39
95
38
40
38
100
41
47
40
168
41
41
38
44
40
47
128
79
44
39
44
80
40
43
90
40
79
51
47
80
40
128
38
49
40
170
40
39
123
45
41
79
41
33
79
40
41
42
41
84
39
42
82
43
47
80
41
84
46
49
35
41
41
36
42
89
39
40
40
85
42
43
39
40
42
91
42
41
41
42
42
49
41
83
42
81
37
41
41
41
81
48
44
42
85
40
50
41
42
41
42
85
47
44
42
79
130
41
56
130
40
41
86
84
50
82
46
41
43
47
127
41
42
43
41
41
40
42
42
90
81
43
44
89
45
40
82
38
91
43
41
42
42
42
50
41
85
39
42
47
39
128
41
40
136
47
43
39
85
41
41
71
123
124
88
47
40
42
41
41
91
38
39
61
42
42
47
81
40
82
51
42
77
40
36
49
41
41
81
46
127
51
41
41
43
47
83
118
199
71
44
40
40
42
41
91
37
78
40
41
37
47
37
73
122
41
38
81
41
49
41
41
43
36
36
35
79
126
87
79
83
82
39
41
40
41
42
36
91
44
85
43
51
44
79
44
181
130
131
42
41
41
90
38
41
41
41
79
54
40
135
91
39
44
38
39
42
41
43
44
41
37
41
92
42
41
41
41
43
213
51
37
53
42
42
43
86
48
40
128
42
48
41
41
43
129
175
47
44
47
37
106
93
126
128
86
40
42
42
39
48
43
42
39
44
82
47
40
41
40
86
84
119
205
168
39
40
79
91
118
41
42
209
80
49
81
39
83
41
41
122
80
48
38
41
43
85
48
40
87
43
94
84
84
42
40
51
44
41
42
41
97
43
36
43
43
125
42
38
81
39
43
81
37
43
39
54
83
40
37
40
33
165
42
40
203
42
46
36
41
40
75
88
42
77
41
37
44
83
45
41
37
42
41
42
40
37
42
39
45
41
40
43
40
47
51
43
36
42
115
42
51
79
41
43
49
42
75
39
42
90
40
80
129
40
81
38
38
88
90
40
42
39
40
83
41
42
42
88
40
80
91
81
41
41
44
42
92
127
49
47
85
41
52
93
41
41
43
69
39
46
43
91
90
48
41
37
44
43
44
39
87
40
39
79
49
44
40
40
51
40
47
41
80
43
41
39
46
36
42
40
40
91
40
92
169
41
81
42
49
50
82
40
38
39
48
46
45
43
41
41
36
44
42
48
41
52
86
82
40
39
44
47
46
79
43
45
88
40
41
45
41
42
88
37
40
42
42
85
39
41
80
88
84
41
41
88
41
82
86
44
128
40
94
60
49
50
58
56
60
51
43
41
39
42
43
52
50
41
44
44
45
42
94
86
41
91
41
41
43
40
43
90
91
120
49
40
41
81
40
83
40
41
42
40
40
89
42
124
128
42
129
47
40
84
85
47
40
44
39
42
91
40
40
163
47
41
49
39
43
43
48
41
43
82
41
84
40
39
42
39
89
82
40
43
41
173
41
40
38
48
44
43
85
46
50
125
40
45
169
39
44
41
97
39
40
41
40
52
86
88
42
36
43
36
36
76
94
43
173
81
37
34
40
40
37
44
41
34
73
35
121
82
34
81
41
39
40
82
40
40
43
119
49
80
122
35
41
42
36
33
125
157
32
82
34
76
42
39
43
40
38
106
46
40
77
34
34
45
124
41
39
44
49
41
127
86
116
43
43
44
40
84
40
42
86
35
42
42
34
42